2 6
-32 78 -> 233 80 -> 471 95 -> 517 126 -> 524 222 -> 530 495 -> 683 509 -> 917 518 -> 940 570 -> 947 616 -> 918 670 -> 815 696 -> 716 704 -> 676 663 -> 584 658 -> 534 692 -> 538 743 -> 492 783 -> 400 794 -> 319 780 -> 265 770 -> -32 769
-32 116 -> 227 115 -> 369 122 -> 432 125 -> 475 151 -> 488 193 -> 489 331 -> 491 473 -> 496 526 -> 562 530 -> 663 533 -> 740 538 -> 775 541 -> 825 539 -> 876 548 -> 901 589 -> 889 638 -> 820 661 -> 761 664 -> 715 639 -> 662 636 -> 585 632 -> 512 642 -> 482 655 -> 495 698 -> 495 739 -> 458 758 -> 389 772 -> 327 748 -> 266 743 -> 132 738 -> -32 737
1075 55 -> 985 57 -> 882 59 -> 706 69 -> 685 107 -> 684 175 -> 688 214 -> 663 240 -> 585 250 -> 429 255 -> 335 256 -> 244 256 -> 169 271 -> 156 332 -> 152 394 -> 174 419 -> 226 431 -> 295 431 -> 413 429 -> 480 431 -> 558 424 -> 594 426 -> 604 452 -> 603 483 -> 598 549 -> 598 601 -> 579 630 -> 497 647 -> 474 671 -> 495 720 -> 472 753 -> 413 770 -> 325 752 -> 282 742 -> 127 741 -> -32 738
1076 95 -> 887 96 -> 778 94 -> 739 115 -> 732 155 -> 730 230 -> 729 273 -> 625 280 -> 569 281 -> 466 282 -> 412 285 -> 330 282 -> 248 291 -> 213 313 -> 212 356 -> 237 395 -> 322 404 -> 411 399 -> 496 399 -> 566 399 -> 612 408 -> 640 424 -> 646 450 -> 641 482 -> 634 552 -> 627 628 -> 619 655 -> 574 659 -> 538 686 -> 534 722 -> 541 743 -> 530 764 -> 506 778 -> 398 797 -> 304 778 -> 265 770 -> -32 772
-32 82 -> 300 82 -> 393 91 -> 473 120 -> 483 191 -> 484 333 -> 487 491 -> 648 500-> 752 509 -> 882 509 -> 899 571 -> 862 651 -> 734 672 -> 699 633 -> 589 626 -> 489 651 -> 494 731 -> 432 761 -> 332 766 -> 282 743 -> 113 737 -> -32 737
1073 60 -> 900 60 -> 699 62 -> 683 216 -> 640 246 -> 489 252 -> 368 248 -> 178 263 -> 153 383 -> 258 398 -> 462 397 -> 611 397 -> 594 541 -> 586 626 -> 479 650 -> 488 737 -> 361 769 -> 244 742 -> -32 740
150
56 68
00000000000000000000000000000000000000000000000000000000000000000000
00000000000000000000000000000000000000000000000000000000000000000000
00000000000000000000000000000000000000000000000000000000000000000000
00000000000000000000000000000000000000000000000000001111111111111111
00000000011111111000000000000000000000000000111111111111111111111111
11111111111111111111111111111111000000000001111111111111111111111111
11111111111111111111111111111111110000000001111111000000000000000000
00000000000000000000011111111111111000000011111110000000000000000000
00000000000000000000000000000111111100000011111110000000000000000000
00000000000000000000000000000011111100000011111110000000000000000000
00000000000000000000000000000011111100000011111110000000000000000000
00000000000000000000000000000011111100000011111110000000000000000000
00000000000000000000000000000011111100000011111110000000000000000000
00000000000000000000000000000011111100000011111110000000000000000000
00000000000000000000000000000011111110000011111110000000000000000000
00000000000000001111111111111111111111111111111110000000000000000000
00000000000111111111111111111111111111111111111110000000000000000000
00000000001111111111111111111111111111111111111000000000000000000000
00000000001111111000000000000011111110000000000000000000000000000000
00000000001111110000000000000011111100000000000000000000000000000000
00000000001111110000000000000011111100000000000000000000000000000000
00000000001111110000000000000011111100000000000000000000000000000000
00000000001111110000000000000011111100000000000000000000000000000000
00000000001111110000000000000011111110000000000000000000000000000000
00000000001111111000000000000011111111000000000000000000000000000000
00000000001111111111111111111111111111111100000000000000000000000000
00000000000011111111111111111111111111111110000000000000000000000000
00000000000000000000000000000011111111111110000000000000000000000000
00000000000000000000000000000011111111111110000000000000000000000000
00000000000000000000000000000011111111111110000000000000000000000000
00000000000000000000000000000011111111111110000000000000000000000000
00000000000000000000000000000011111111111111110000000000000000000000
00000000000000000000000000000001111111111111111111111111111000000000
00000000000000000000000000000000000001111111111111111111111100000000
00000000000000000000000000000000000001111110000000000000111110000000
00000000000000000000000000000000000001111110000000000000111111000000
00000000000000000000000000000000000001111110000000000000111111000000
00000000000000000000000000000000000001111110000000000000111111000000
00000000000000000000000000000000000001111110000000000000111111000000
00000000000000000000000000000000001111111111111000000000111111000000
00000000000000000000000000000001111111111111111100000011111111000000
00000000000000000000000000000011111111111111111111111111111110000000
00000000000000000000000000000001111100000000111111111111111000000000
00000000000000000000000000000001111100000000011111111111100000000000
00000000000000000000000000000001111100000000000001000000000000000000
00000000000000000000000000000001111100000000000000000000000000000000
11111111111111111111111000000011111100000000000000000000000000000000
11111111111111111111111110000111111100000000000000000000000000000000
00000000000000000001111111111111111000000000000000000000000000000000
00000000000000000000000111111111000000000000000000000000000000000000
00000000000000000000000000000000000000000000000000000000000000000000
00000000000000000000000000000000000000000000000000000000000000000000
00000000000000000000000000000000000000000000000000000000000000000000
00000000000000000000000000000000000000000000000000000000000000000000
00000000000000000000000000000000000000000000000000000000000000000000
00000000000000000000000000000000000000000000000000000000000000000000
wave	0
NormalOrk       30  -1   60
wave	1
NormalOrk	    25	-1	40
BatEnemy	    25	-1	30
wave	2
BatEnemy	    1	4	120
BatEnemy	    1	5	0
BatEnemy	    1	4	120
BatEnemy	    1	5	0
BatEnemy	    1	4	120
BatEnemy	    1	5	0
BatEnemy	    1	4	120
BatEnemy	    1	5	0
BatEnemy	    1	4	120
BatEnemy	    1	5	0
BatEnemy	    1	4	120
BatEnemy	    1	5	0
BatEnemy	    1	4	120
BatEnemy	    1	5	0
BatEnemy	    1	4	120
BatEnemy	    1	5	0
BatEnemy	    1	4	120
BatEnemy	    1	5	0
BatEnemy	    1	4	120
BatEnemy	    1	5	0
wave	3
NormalOrk	    30	-1	40
TankOrk         20	-1	60
wave	4
NormalOrk	    20	-1	60
BatEnemy	    20	4	120
wave 5
BatEnemy        10  -1  120
TankOrk         30  -1  60
wave 6
NormalOrk       10  -1  60
TankOrk         30  -1  60
wave 7
Troll           1   4   60

//Obstacle
Tree            49  7
Tree            59  7
Tree            53  16
Tree            63  18
Tree            61  47
Tree            46  50
Tree            2   28
Tree            17  35
Tree            2   20
Tree            4   8
Tree            49  24
Tree            9   35
Stone           21  21
Stone           48  36
Stone           36  10
Stone           17  11
Bush            17  31
Bush            44  22
Bush            64  30
Bush            21  1
Bush            2   39
Bush            6   52
Bush            39  47