1 3
280 -32 -> 281 100 -> 302 142 -> 356 157 -> 464 154 -> 541 136 -> 567 93 -> 584 43 -> 637 28 -> 811 40 -> 884 62 -> 931 174 -> 948 327 -> 909 409 -> 822 430 -> 710 424 -> 570 392 -> 411 366 -> 330 366 -> 299 377 -> 276 460 -> 293 517 -> 419 537 -> 602 595 -> 689 618 -> 783 636 -> 845 672 -> 843 787 -> 760 831 -> 626 855 -> 536 842 -> 400 858 -> 315 850 -> 253 818 -> 205 798 -> 144 790 -> 25 790 -> -32 790
210 -32 -> 211 89 -> 231 174 -> 332 189 -> 388 196 -> 525 181 -> 589 150 -> 634 75 -> 743 78 -> 838 91 -> 867 148 -> 888 233 -> 885 356 -> 838 389 -> 752 393 -> 620 366 -> 468 331 -> 335 329 -> 268 341 -> 237 380 -> 215 433 -> 206 497 -> 228 550 -> 293 568 -> 411 589 -> 565 631 -> 624 648 -> 700 657 -> 772 684 -> 789 756 -> 751 799 -> 667 804 -> 526 803 -> 442 815 -> 345 816 -> 304 807 -> 261 761 -> 184 768 -> -32 760
216 -32 -> 217 100 -> 279 157 -> 448 158 -> 538 137 -> 570 83 -> 625 31 -> 810 47 -> 865 110 -> 896 209 -> 898 325 -> 851 385 -> 628 376 -> 492 337 -> 331 327 -> 241 394 -> 220 471 -> 261 529 -> 476 567 -> 708 631 -> 785 670 -> 805 750 -> 715 803 -> 581 819 -> 499 807 -> 375 823 -> 261 804 -> 204 761 -> -32 761
100
56 68
00000000000011111111100000000000000000000000000000000000000000000000
00000000000011111111100000000000000001111111111111111000000000000000
00000000000011111111100000000000000011111111111111111111000000000000
00000000000011111111100000000000000011111111111111111111110000000000
00000000000011111111100000000000000011111111111111111111110000000000
00000000000011111111100000000000000111111100000000001111111000000000
00000000000001111111100000000000000111111000000000000111111100000000
00000000000001111111100000000000000111111000000000000011111100000000
00000000000000111111110000000000011111110000000000000011111100000000
00000000000000111111111111111111111111100000000000000011111110000000
00000000000000111111111111111111111111000000000000000011111110000000
00000000000000001111111111111111111110000000000000000001111110000000
00000000000000000000000000000000000000000000000000000001111111000000
00000000000000000000000000000000000000000000000000000001111111000000
00000000000000000000000000000000000000000000000000000001111111000000
00000000000000000000000000000000000000000000000000000001111111000000
00000000000000000000000000000000000000000000000000000001111111000000
00000000000000000000000000000000000000000000000000000001111111000000
00000000000000000000000000000000000000000000000000000001111111000000
00000000000000000000000000000000000000000000000000000001111111000000
00000000000000000011111111111111111000000000000000000001111111000000
00000000000000001111111111111111111111100000000000000001111111000000
00000000000000011111111111111111111111111100000000000001111111000000
00000000000000111111110000000000111111111111110000000011111111000000
00000000000000111111110000000000000011111111111111111111111100000000
00000000000000111111100000000000000000001111111111111111111000000000
00000000000001111111100000000000000000000000111111111111100000000000
00000000000001111111100000000000000000000000000000000000000000000000
00000000000001111111100000000000000000000000000000000000000000000000
00000000000001111111100000000000000000000000000000000000000000000000
00000000000001111111100000000000000000000000000000000000000000000000
00000000000001111111100000000000000000000000000000000000000000000000
00000000000001111111110000000000000000000000000000000000000000000000
00000000000001111111111111111110000000000000000000000000000000000000
00000000000000111111111111111111110000000000000000000000000000000000
00000000000000001111111111111111111110000000000000000000000000000000
00000000000000000001111111111111111111110000000000000000000000000000
00000000000000000000000000001111111111111110000000000000000000000000
00000000000000000000000000000000111111111111111110000000000000000000
00000000000000000000000000000000000001111111111111111000000000000000
00000000000000000000000000000000000000001111111111111110000000000000
00000000000000000000000000000000000000000001111111111111000000000000
00000000000000000000000000000000000000000000000011111111100000000000
00000000000000000000000000000000000000000000000001111111100000000000
00000000000000000000000000000000000000000000000001111111100000000000
00000000000000000000000000000000000000000000000001111111100000000000
11111111111111111110000000000000000000000000000001111111100000000000
11111111111111111111000000000000000000000000000001111111100000000000
11111111111111111111100000000000000000000000000001111111000000000000
11111111111111111111110000000000000000000000000011111111000000000000
00000000000000011111111111111111111111111111111111111110000000000000
00000000000000000111111111111111111111111111111111111100000000000000
00000000000000000011111111111111111111111111111110000000000000000000
00000000000000000001111111111111111111111111111110000000000000000000
00000000000000000001111111111111111111111111111100000000000000000000
00000000000000000001111111111111111111111100000000000000000000000000
wave	0
NormalOrk       25  -1   60
wave	1
NormalOrk	    25	-1	40
BatEnemy	    25	2	30
wave	2
BatEnemy	    50	2	30
wave	3
NormalOrk	    30	-1	40
TankOrk         20	-1	60
wave	4
NormalOrk	    20	-1	40
BatEnemy	    20	2	30
wave 5
BatEnemy        20  2   30
TankOrk         20  -1   30
wave 6
NormalOrk       10  -1   30
TankOrk         30  -1   30
wave 7
Troll   	    1	2	90

//Obstacle
Tree            1   2
Tree            43  6
Tree            56  31
Tree            61  45
Tree            2   37
Tree            6   17
Tree            44  27
Tree            29  24
Tree            22  40
Tree            34  41
Tree            2   28
Tree            61  1
Tree            47  14
Stone           41  14
Stone           11  41
Stone           36  33
Stone           25  3
Stone           51  30
Stone           3   52
Bush            22  5
Bush            4   11
Bush            12  15
Bush            63  28
Bush            21  29
Bush            50  34
Bush            62  39
Bush            56  52