1 4
-32 455 -> 111 455 -> 143 414 -> 157 302 -> 177 266 -> 224 252 -> 351 262 -> 393 289 -> 397 311 -> 402 504 -> 425 583 -> 457 596 -> 588 593 -> 614 571 -> 626 536 -> 628 459 -> 651 415 -> 713 395 -> 1069 393
-32 480 -> 111 480 -> 151 468 -> 170 418 -> 177 335 -> 206 293 -> 285 283 -> 348 295 -> 365 348 -> 373 525 -> 381 600 -> 451 619 -> 604 625 -> 644 596 -> 660 510 -> 671 454 -> 714 428 -> 819 428 -> 1069 432
-32 516 -> 111 516 -> 168 504 -> 197 478 -> 198 454 -> 209 350 -> 244 318 -> 325 319 -> 337 369 -> 348 579 -> 362 633 -> 417 656 -> 625 659 -> 660 638 -> 687 591 -> 693 488 -> 709 463 -> 786 458 -> 1069 458
-32 464 -> 94 464 -> 132 443 -> 154 405 -> 158 292 -> 245 264 -> 347 285 -> 354 365 -> 356 545 -> 385 590 -> 437 605 -> 563 607 ->  622 577 -> 635 486 -> 656 430 -> 717 408 -> 1069 411
100
56 68
00000000000000000000000000000000000000000000000000000000000000000000
00000000000000000000000000000000000000000000000000000000000000000000
00000000000000000000000000000000000000000000000000000000000000000000
00000000000000000000000000000000000000000000000000000000000000000000
00000000000000000000000000000000000000000000000000000000000000000000
00000000000000000000000000000000000000000000000000000000000000000000
00000000000000000000000000000000000000000000000000000000000000000000
00000000000000000000000000000000000000000000000000000000000000000000
00000000000000000000000000000000000000000000000000000000000000000000
00000000000000000000000000000000000000000000000000000000000000000000
00000000000000000000000000000000000000000000000000000000000000000000
00000000000000000000000000000000000000000000000000000000000000000000
00000000000000000000000000000000000000000000000000000000000000000000
00000000000000000000000000000000000000000000000000000000000000000000
00000000000000000000000000000000000000000000000000000000000000000000
00000000000000111111111000000000000000000000000000000000000000000000
00000000000011111111111111000000000000000000000000000000000000000000
00000000000111111111111111100000000000000000000000000000000000000000
00000000001111111111111111100000000000000000000000000000000000000000
00000000001111111111111111110000000000000000000000000000000000000000
00000000011111110000011111110000000000000000000000000000000000000000
00000000011111100000001111110000000000000000000000000000000000000000
00000000011111100000001111110000000000000000000000000000000000000000
00000000011111100000001111110000000000000000000000000000000000000000
00000000011111100000001111110000000000000001111111111111111111111111
00000000011111000000001111110000000000000011111111111111111111111111
00000000011111000000001111110000000000001111111111111111111111111111
00000000111111000000001111110000000000001111111111111111111111111111
11111111111111000000001111110000000000001111111111111111111111111111
11111111111111000000001111110000000000011111111000000000000000000000
11111111111110000000001111110000000000011111110000000000000000000000
11111111111100000000001111110000000000011111110000000000000000000000
11111111111000000000001111110000000000011111110000000000000000000000
00000000000000000000001111110000000000011111110000000000000000000000
00000000000000000000001111110000000000011111110000000000000000000000
00000000000000000000001111111000000000011111110000000000000000000000
00000000000000000000001111111100000000111111110000000000000000000000
00000000000000000000001111111111111111111111110000000000000000000000
00000000000000000000001111111111111111111111100000000000000000000000
00000000000000000000000111111111111111111111000000000000000000000000
00000000000000000000000001111111111111111110000000000000000000000000
00000000000000000000000000000000000000000000000000000000000000000000
00000000000000000000000000000000000000000000000000000000000000000000
00000000000000000000000000000000000000000000000000000000000000000000
00000000000000000000000000000000000000000000000000000000000000000000
00000000000000000000000000000000000000000000000000000000000000000000
00000000000000000000000000000000000000000000000000000000000000000000
00000000000000000000000000000000000000000000000000000000000000000000
00000000000000000000000000000000000000000000000000000000000000000000
00000000000000000000000000000000000000000000000000000000000000000000
00000000000000000000000000000000000000000000000000000000000000000000
00000000000000000000000000000000000000000000000000000000000000000000
00000000000000000000000000000000000000000000000000000000000000000000
00000000000000000000000000000000000000000000000000000000000000000000
00000000000000000000000000000000000000000000000000000000000000000000
00000000000000000000000000000000000000000000000000000000000000000000
wave	0
NormalOrk	    8	-1	120
wave	1
NormalOrk	    15	-1	100
wave	2
BatEnemy	    20	3	100
wave    3
BatEnemy        10   3  100
NormalEnemy     10  -1  100
wave 4
TankOrk       10  -1  120
wave 5
BatEnemy        15  3  120
NormalOrk     10  -1  100
wave 6
Troll           1   3  100

//Obstacle
Tree            16  20
Tree            30  29
Tree            1   4
Tree            18  3
Tree            27  10
Tree            33  17
Tree            54  16
Tree            7   45
Tree            60  44
Tree            14  40
Tree            45  46
Tree            62  37
Tree            50  32
Tree            26  47
Tree            43  3
Tree            61  5
Tree            2   41
Tree            1   15
Tree            10  9
Tree            44  16
Tree            36  47
Tree            52  2
Tree            30  4
Bush            36  26
Bush            8   37
Bush            9   6
Bush            25  6
Bush            62  20
Bush            40  21
Bush            37  13
Bush            52  10
Bush            51  42
Bush            54  50
Bush            16  50
Bush            2   52


